Percentage of Each Vowel in SISTERSCLEAN.TXT:

 A: 7.55813953488372%
 E: 11.918604651162791%
 I: 8.575581395348838%
 O: 7.267441860465117%
 U: 2.3255813953488373%
